1 10000 10000 10000 0.016 0.016 0.055 0.016 0.016 0.055 0 0 0.055 0 0 0.055 0 0 0.055 0 0 0.055
1 10000 10000 10000 0.016 0.016 0.055 0.016 0.016 0.055 0 0 0.055 0 0 0.055 0 0 0.055 0 0 0.055
1 10000 10000 10000 0.016 0.016 0.055 0.016 0.016 0.055 0 0 0.055 0 0 0.055 0 0 0.055 0 0 0.055
1 10000 10000 10000 0.016 0.016 0.055 0.016 0.016 0.055 0 0 0.055 0 0 0.055 0 0 0.055 0 0 0.055
1 10000 10000 10000 0.016 0.016 0.055 0.016 0.016 0.055 0 0 0.055 0 0 0.055 0 0 0.055 0 0 0.055
1 10000 10000 10000 0.016 0.016 0.055 0.016 0.016 0.055 0 0 0.055 0 0 0.055 0 0 0.055 0 0 0.055
1 10000 10000 10000 0.016 0.016 0.055 0.016 0.016 0.055 0 0 0.055 0 0 0.055 0 0 0.055 0 0 0.055
1 10000 10000 10000 0.016 0.016 0.055 0.016 0.016 0.055 0 0 0.055 0 0 0.055 0 0 0.055 0 0 0.055
1 10000 10000 10000 0.016 0.016 0.055 0.016 0.016 0.055 0 0 0.055 0 0 0.055 0 0 0.055 0 0 0.055
1 10000 10000 10000 0.016 0.016 0.055 0.016 0.016 0.055 0 0 0.055 0 0 0.055 0 0 0.055 0 0 0.055
1 10000 10000 10000 0.016 0.016 0.055 0.016 0.016 0.055 0 0 0.055 0 0 0.055 0 0 0.055 0 0 0.055
1 10000 10000 10000 0.016 0.016 0.055 0.016 0.016 0.055 0 0 0.055 0 0 0.055 0 0 0.055 0 0 0.055
1 10000 10000 10000 0.016 0.016 0.055 0.016 0.016 0.055 0 0 0.055 0 0 0.055 0 0 0.055 0 0 0.055
1 10000 10000 10000 0.016 0.016 0.055 0.016 0.016 0.055 0 0 0.055 0 0 0.055 0 0 0.055 0 0 0.055
1 10000 10000 10000 0.016 0.016 0.055 0.016 0.016 0.055 0 0 0.055 0 0 0.055 0 0 0.055 0 0 0.055
1 10000 10000 10000 0.016 0.016 0.055 0.016 0.016 0.055 0 0 0.055 0 0 0.055 0 0 0.055 0 0 0.055
1 10000 10000 10000 0.016 0.016 0.055 0.016 0.016 0.055 0 0 0.055 0 0 0.055 0 0 0.055 0 0 0.055
1 10000 10000 10000 0.016 0.016 0.055 0.016 0.016 0.055 0 0 0.055 0 0 0.055 0 0 0.055 0 0 0.055
1 10000 10000 10000 0.0345 0.038 0.055 0.0345 0.038 0.055 0 0 0.055 0 0 0.055 0 0 0.055 0 0 0.055
1 10000 10000 10000 0.0345 0.038 0.055 0.0345 0.038 0.055 0 0 0.055 0 0 0.055 0 0 0.055 0 0 0.055
1 10000 10000 10000 0.0345 0.038 0.055 0.0345 0.038 0.055 0 0 0.055 0 0 0.055 0 0 0.055 0 0 0.055
1 10000 10000 10000 0.0345 0.038 0.055 0.0345 0.038 0.055 0 0 0.055 0 0 0.055 0 0 0.055 0 0 0.055
1 10000 10000 10000 0.0345 0.038 0.055 0.0345 0.038 0.055 0 0 0.055 0 0 0.055 0 0 0.055 0 0 0.055
1 10000 10000 10000 0.0345 0.038 0.055 0.0345 0.038 0.055 0 0 0.055 0 0 0.055 0 0 0.055 0 0 0.055
1 10000 10000 10000 0.0345 0.038 0.055 0.0345 0.038 0.055 0 0 0.055 0 0 0.055 0 0 0.055 0 0 0.055
1 10000 10000 10000 0.0345 0.038 0.055 0.0345 0.038 0.055 0 0 0.055 0 0 0.055 0 0 0.055 0 0 0.055
1 10000 10000 10000 0.0345 0.038 0.055 0.0345 0.038 0.055 0 0 0.055 0 0 0.055 0 0 0.055 0 0 0.055
1 10000 10000 10000 0.0345 0.038 0.055 0.0345 0.038 0.055 0 0 0.055 0 0 0.055 0 0 0.055 0 0 0.055
1 10000 10000 10000 0.0345 0.038 0.055 0.0345 0.038 0.055 0 0 0.055 0 0 0.055 0 0 0.055 0 0 0.055
1 10000 10000 10000 0.0345 0.038 0.055 0.0345 0.038 0.055 0 0 0.055 0 0 0.055 0 0 0.055 0 0 0.055
1 10000 10000 10000 0.0345 0.038 0.055 0.0345 0.038 0.055 0 0 0.055 0 0 0.055 0 0 0.055 0 0 0.055
1 10000 10000 10000 0.0345 0.038 0.055 0.0345 0.038 0.055 0 0 0.055 0 0 0.055 0 0 0.055 0 0 0.055
1 10000 10000 10000 0.0345 0.038 0.055 0.0345 0.038 0.055 0 0 0.055 0 0 0.055 0 0 0.055 0 0 0.055
1 10000 10000 10000 0.0345 0.038 0.055 0.0345 0.038 0.055 0 0 0.055 0 0 0.055 0 0 0.055 0 0 0.055
1 10000 10000 10000 0.0345 0.038 0.055 0.0345 0.038 0.055 0 0 0.055 0 0 0.055 0 0 0.055 0 0 0.055
1 10000 10000 10000 0.0345 0.038 0.055 0.0345 0.038 0.055 0 0 0.055 0 0 0.055 0 0 0.055 0 0 0.055
4 0.0189477 0.00088036 0.334189 0.00891588 0.0849835 0.0558646 0.00891588 0.0849835 0.0558646 0.0227378 -0.000769206 0.0558626 0.0227378 -0.000769206 0.0558626 0.0579537 -0.00134719 0.0558598 0.0579537 -0.00134719 0.0558598
4 0.0189477 0.00088036 0.334189 0.00891588 0.0849835 0.0558646 0.00891588 0.0849835 0.0558646 0.0227378 -0.000769206 0.0558626 0.0227378 -0.000769206 0.0558626 0.0579537 -0.00134719 0.0558598 0.0579537 -0.00134719 0.0558598
4 0.0189477 0.00088036 0.334189 0.00891588 0.0849835 0.0558646 0.00891588 0.0849835 0.0558646 0.0227378 -0.000769208 0.0558626 0.0227378 -0.000769208 0.0558626 0.0579537 -0.00134719 0.0558598 0.0579537 -0.00134719 0.0558598
4 0.0189477 0.00088036 0.334189 0.00891588 0.0849835 0.0558646 0.00891588 0.0849835 0.0558646 0.0227378 -0.000769208 0.0558626 0.0227378 -0.000769208 0.0558626 0.0579537 -0.00134719 0.0558598 0.0579537 -0.00134719 0.0558598
4 0.0189477 0.00088036 0.334189 0.00891588 0.0849835 0.0558646 0.00891588 0.0849835 0.0558646 0.0227378 -0.000769208 0.0558626 0.0227378 -0.000769208 0.0558626 0.0579537 -0.00134719 0.0558598 0.0579537 -0.00134719 0.0558598
4 0.0189477 0.00088036 0.334189 0.00891588 0.0849835 0.0558646 0.00891588 0.0849835 0.0558646 0.0227378 -0.000769208 0.0558626 0.0227378 -0.000769208 0.0558626 0.0579537 -0.00134719 0.0558598 0.0579537 -0.00134719 0.0558598
4 0.0189477 0.00088036 0.334189 0.00891588 0.0849835 0.0558646 0.00891588 0.0849835 0.0558646 0.0227378 -0.000769206 0.0558626 0.0227378 -0.000769206 0.0558626 0.0579537 -0.00134719 0.0558598 0.0579537 -0.00134719 0.0558598
4 0.0189477 0.00088036 0.334189 0.00891588 0.0849835 0.0558646 0.00891588 0.0849835 0.0558646 0.0227378 -0.000769206 0.0558626 0.0227378 -0.000769206 0.0558626 0.0579537 -0.00134719 0.0558598 0.0579537 -0.00134719 0.0558598
4 0.0189477 0.00088036 0.334189 0.00891588 0.0849835 0.0558646 0.00891588 0.0849835 0.0558646 0.0227378 -0.000769206 0.0558626 0.0227378 -0.000769206 0.0558626 0.0579537 -0.00134719 0.0558598 0.0579537 -0.00134719 0.0558598
4 0.0189477 0.00088036 0.334189 0.00891588 0.0849835 0.0558646 0.00891588 0.0849835 0.0558646 0.0227378 -0.000769203 0.0558626 0.0227378 -0.000769203 0.0558626 0.0579537 -0.00134719 0.0558598 0.0579537 -0.00134719 0.0558598
4 0.0189477 0.00088036 0.334189 0.00891588 0.0849835 0.0558646 0.00891588 0.0849835 0.0558646 0.0227378 -0.000769203 0.0558626 0.0227378 -0.000769203 0.0558626 0.0579537 -0.00134719 0.0558598 0.0579537 -0.00134719 0.0558598
4 0.0189477 0.00088036 0.334189 0.00891588 0.0849835 0.0558646 0.00891588 0.0849835 0.0558646 0.0227378 -0.000769203 0.0558626 0.0227378 -0.000769203 0.0558626 0.0579537 -0.00134719 0.0558598 0.0579537 -0.00134719 0.0558598
4 0.0189477 0.00088036 0.334189 0.00891588 0.0849835 0.0558646 0.00891588 0.0849835 0.0558646 0.0227378 -0.000769203 0.0558626 0.0227378 -0.000769203 0.0558626 0.0579537 -0.00134719 0.0558598 0.0579537 -0.00134719 0.0558598
4 0.0189477 0.00088036 0.334189 0.00891588 0.0849835 0.0558646 0.00891588 0.0849835 0.0558646 0.0227378 -0.000769205 0.0558626 0.0227378 -0.000769205 0.0558626 0.0579537 -0.00134719 0.0558598 0.0579537 -0.00134719 0.0558598
4 0.0189477 0.00088036 0.334189 0.00891588 0.0849835 0.0558646 0.00891588 0.0849835 0.0558646 0.0227378 -0.000769205 0.0558626 0.0227378 -0.000769205 0.0558626 0.0579537 -0.00134719 0.0558598 0.0579537 -0.00134719 0.0558598
4 0.0189477 0.00088036 0.334189 0.00891588 0.0849835 0.0558646 0.00891588 0.0849835 0.0558646 0.0227378 -0.000769205 0.0558626 0.0227378 -0.000769205 0.0558626 0.0579537 -0.00134719 0.0558598 0.0579537 -0.00134719 0.0558598
4 0.0189477 0.00088036 0.334189 0.00891588 0.0849835 0.0558646 0.00891588 0.0849835 0.0558646 0.0227378 -0.000769205 0.0558626 0.0227378 -0.000769205 0.0558626 0.0579537 -0.00134719 0.0558598 0.0579537 -0.00134719 0.0558598
4 0.0189477 0.00088036 0.334189 0.00891588 0.0849835 0.0558646 0.00891588 0.0849835 0.0558646 0.0227378 -0.000769207 0.0558626 0.0227378 -0.000769207 0.0558626 0.0579537 -0.00134719 0.0558598 0.0579537 -0.00134719 0.0558598
4 0.0189477 0.00088036 0.334189 0.00891588 0.0849835 0.0558646 0.00891588 0.0849835 0.0558646 0.0227378 -0.000769207 0.0558626 0.0227378 -0.000769207 0.0558626 0.0579537 -0.00134719 0.0558598 0.0579537 -0.00134719 0.0558598
2 10000 10000 10000 0.0369159 0.129983 0.0558646 0.00891588 0.0849835 0.0558646 0.0227378 -0.00076921 0.0558626 0.0227378 -0.00076921 0.0558626 0.0579537 -0.00134719 0.0558598 0.0579537 -0.00134719 0.0558598
2 10000 10000 10000 0.0369159 0.129983 0.0558646 0.00891588 0.0849835 0.0558646 0.0227378 -0.00076921 0.0558626 0.0227378 -0.00076921 0.0558626 0.0579537 -0.00134719 0.0558598 0.0579537 -0.00134719 0.0558598
2 10000 10000 10000 0.0369159 0.129983 0.0558646 0.00891588 0.0849835 0.0558646 0.0227378 -0.00076921 0.0558626 0.0227378 -0.00076921 0.0558626 0.0579537 -0.00134719 0.0558598 0.0579537 -0.00134719 0.0558598
2 10000 10000 10000 0.0369159 0.129983 0.0558646 0.00891588 0.0849835 0.0558646 0.0227378 -0.00076921 0.0558626 0.0227378 -0.00076921 0.0558626 0.0579537 -0.00134719 0.0558598 0.0579537 -0.00134719 0.0558598
2 10000 10000 10000 0.0369159 0.129983 0.0558646 0.00891588 0.0849835 0.0558646 0.0227378 -0.00076921 0.0558626 0.0227378 -0.00076921 0.0558626 0.0579537 -0.00134719 0.0558598 0.0579537 -0.00134719 0.0558598
2 10000 10000 10000 0.0369159 0.129983 0.0558646 0.00891588 0.0849835 0.0558646 0.0227378 -0.00076921 0.0558626 0.0227378 -0.00076921 0.0558626 0.0579537 -0.00134719 0.0558598 0.0579537 -0.00134719 0.0558598
2 10000 10000 10000 0.0369159 0.129983 0.0558646 0.00891588 0.0849835 0.0558646 0.0227378 -0.00076921 0.0558626 0.0227378 -0.00076921 0.0558626 0.0579537 -0.00134719 0.0558598 0.0579537 -0.00134719 0.0558598
2 10000 10000 10000 0.0369159 0.129983 0.0558646 0.00891588 0.0849835 0.0558646 0.0227378 -0.00076921 0.0558626 0.0227378 -0.00076921 0.0558626 0.0579537 -0.00134719 0.0558598 0.0579537 -0.00134719 0.0558598
2 10000 10000 10000 0.0369159 0.129983 0.0558646 0.00891588 0.0849835 0.0558646 0.0227378 -0.00076921 0.0558626 0.0227378 -0.00076921 0.0558626 0.0579537 -0.00134719 0.0558598 0.0579537 -0.00134719 0.0558598
2 10000 10000 10000 0.0369159 0.129983 0.0558646 0.00891588 0.0849835 0.0558646 0.0227378 -0.00076921 0.0558626 0.0227378 -0.00076921 0.0558626 0.0579537 -0.00134719 0.0558598 0.0579537 -0.00134719 0.0558598
2 10000 10000 10000 0.0369159 0.129983 0.0558646 0.00891588 0.0849835 0.0558646 0.0227378 -0.00076921 0.0558626 0.0227378 -0.00076921 0.0558626 0.0579537 -0.00134719 0.0558598 0.0579537 -0.00134719 0.0558598
2 10000 10000 10000 0.0369159 0.129983 0.0558646 0.00891588 0.0849835 0.0558646 0.0227378 -0.00076921 0.0558626 0.0227378 -0.00076921 0.0558626 0.0579537 -0.00134719 0.0558598 0.0579537 -0.00134719 0.0558598
2 10000 10000 10000 0.0369159 0.129983 0.0558646 0.00891588 0.0849835 0.0558646 0.0227378 -0.00076921 0.0558626 0.0227378 -0.00076921 0.0558626 0.0579537 -0.00134719 0.0558598 0.0579537 -0.00134719 0.0558598
2 10000 10000 10000 0.0369159 0.129983 0.0558646 0.00891588 0.0849835 0.0558646 0.0227378 -0.00076921 0.0558626 0.0227378 -0.00076921 0.0558626 0.0579537 -0.00134719 0.0558598 0.0579537 -0.00134719 0.0558598
2 10000 10000 10000 0.0369159 0.129983 0.0558646 0.00891588 0.0849835 0.0558646 0.0227378 -0.00076921 0.0558626 0.0227378 -0.00076921 0.0558626 0.0579537 -0.00134719 0.0558598 0.0579537 -0.00134719 0.0558598
2 10000 10000 10000 0.0369159 0.129983 0.0558646 0.00891588 0.0849835 0.0558646 0.0227378 -0.00076921 0.0558626 0.0227378 -0.00076921 0.0558626 0.0579537 -0.00134719 0.0558598 0.0579537 -0.00134719 0.0558598
2 10000 10000 10000 0.0369159 0.129983 0.0558646 0.00891588 0.0849835 0.0558646 0.0227378 -0.00076921 0.0558626 0.0227378 -0.00076921 0.0558626 0.0579537 -0.00134719 0.0558598 0.0579537 -0.00134719 0.0558598
2 10000 10000 10000 0.0369159 0.129983 0.0558646 0.00891588 0.0849835 0.0558646 0.0227378 -0.00076921 0.0558626 0.0227378 -0.00076921 0.0558626 0.0579537 -0.00134719 0.0558598 0.0579537 -0.00134719 0.0558598
2 10000 10000 10000 0.0369159 0.129983 0.0558646 0.00891588 0.0849835 0.0558646 0.0227378 -0.00076921 0.0558626 0.0227378 -0.00076921 0.0558626 0.0579537 -0.00134719 0.0558598 0.0579537 -0.00134719 0.0558598
2 10000 10000 10000 0.0369159 0.129983 0.0558646 0.00891588 0.0849835 0.0558646 0.0227378 -0.00076921 0.0558626 0.0227378 -0.00076921 0.0558626 0.0579537 -0.00134719 0.0558598 0.0579537 -0.00134719 0.0558598
1 10000 10000 10000 0.0291592 0.113633 0.0560843 0.0291592 0.113633 0.0560843 0.0209995 -0.0119936 0.0560824 0.0209995 -0.0119936 0.0560824 0.0580436 -0.00160978 0.0560795 0.0580436 -0.00160978 0.0560795
1 10000 10000 10000 0.0291592 0.113633 0.0560843 0.0291592 0.113633 0.0560843 0.0209995 -0.0119936 0.0560824 0.0209995 -0.0119936 0.0560824 0.0580436 -0.00160978 0.0560795 0.0580436 -0.00160978 0.0560795
1 10000 10000 10000 0.0291592 0.113633 0.0560843 0.0291592 0.113633 0.0560843 0.0209995 -0.0119936 0.0560824 0.0209995 -0.0119936 0.0560824 0.0580436 -0.00160978 0.0560795 0.0580436 -0.00160978 0.0560795
1 10000 10000 10000 0.0291592 0.113633 0.0560843 0.0291592 0.113633 0.0560843 0.0209995 -0.0119936 0.0560824 0.0209995 -0.0119936 0.0560824 0.0580436 -0.00160978 0.0560795 0.0580436 -0.00160978 0.0560795
1 10000 10000 10000 0.0291592 0.113633 0.0560843 0.0291592 0.113633 0.0560843 0.0209995 -0.0119936 0.0560824 0.0209995 -0.0119936 0.0560824 0.0580436 -0.00160978 0.0560795 0.0580436 -0.00160978 0.0560795
1 10000 10000 10000 0.0291592 0.113633 0.0560843 0.0291592 0.113633 0.0560843 0.0209995 -0.0119936 0.0560824 0.0209995 -0.0119936 0.0560824 0.0580436 -0.00160978 0.0560795 0.0580436 -0.00160978 0.0560795
1 10000 10000 10000 0.0291592 0.113633 0.0560843 0.0291592 0.113633 0.0560843 0.0209995 -0.0119936 0.0560824 0.0209995 -0.0119936 0.0560824 0.0580436 -0.00160978 0.0560795 0.0580436 -0.00160978 0.0560795
1 10000 10000 10000 0.0291592 0.113633 0.0560843 0.0291592 0.113633 0.0560843 0.0209995 -0.0119936 0.0560824 0.0209995 -0.0119936 0.0560824 0.0580436 -0.00160978 0.0560795 0.0580436 -0.00160978 0.0560795
1 10000 10000 10000 0.0291592 0.113633 0.0560843 0.0291592 0.113633 0.0560843 0.0209995 -0.0119936 0.0560824 0.0209995 -0.0119936 0.0560824 0.0580436 -0.00160978 0.0560795 0.0580436 -0.00160978 0.0560795
1 10000 10000 10000 0.0291592 0.113633 0.0560843 0.0291592 0.113633 0.0560843 0.0209995 -0.0119936 0.0560824 0.0209995 -0.0119936 0.0560824 0.0580436 -0.00160978 0.0560795 0.0580436 -0.00160978 0.0560795
1 10000 10000 10000 0.0291592 0.113633 0.0560843 0.0291592 0.113633 0.0560843 0.0209995 -0.0119936 0.0560824 0.0209995 -0.0119936 0.0560824 0.0580436 -0.00160978 0.0560795 0.0580436 -0.00160978 0.0560795
1 10000 10000 10000 0.0291592 0.113633 0.0560843 0.0291592 0.113633 0.0560843 0.0209995 -0.0119936 0.0560824 0.0209995 -0.0119936 0.0560824 0.0580436 -0.00160978 0.0560795 0.0580436 -0.00160978 0.0560795
1 10000 10000 10000 0.0291592 0.113633 0.0560843 0.0291592 0.113633 0.0560843 0.0209995 -0.0119936 0.0560824 0.0209995 -0.0119936 0.0560824 0.0580436 -0.00160978 0.0560795 0.0580436 -0.00160978 0.0560795
1 10000 10000 10000 0.0291592 0.113633 0.0560843 0.0291592 0.113633 0.0560843 0.0209995 -0.0119936 0.0560824 0.0209995 -0.0119936 0.0560824 0.0580436 -0.00160978 0.0560795 0.0580436 -0.00160978 0.0560795
1 10000 10000 10000 0.0291592 0.113633 0.0560843 0.0291592 0.113633 0.0560843 0.0209995 -0.0119936 0.0560824 0.0209995 -0.0119936 0.0560824 0.0580436 -0.00160978 0.0560795 0.0580436 -0.00160978 0.0560795
1 10000 10000 10000 0.0291592 0.113633 0.0560843 0.0291592 0.113633 0.0560843 0.0209995 -0.0119936 0.0560824 0.0209995 -0.0119936 0.0560824 0.0580436 -0.00160978 0.0560795 0.0580436 -0.00160978 0.0560795
1 10000 10000 10000 0.0291592 0.113633 0.0560843 0.0291592 0.113633 0.0560843 0.0209995 -0.0119936 0.0560824 0.0209995 -0.0119936 0.0560824 0.0580436 -0.00160978 0.0560795 0.0580436 -0.00160978 0.0560795
