-0.999969 -0.00012207 -0.00012207 -0.00012207
0.156494 -0.0130615 0.00476074 -0.987579
-0.0144043 -0.776428 -0.626221 0.0692139
0.330078 0.0527344 -0.00463867 0.942444
0.0113525 0.259277 0.965179 0.0325928
0.856232 0.0200195 -0.0311279 -0.515259
0.0361328 0.93985 0.3396 0.0032959
-1 0 0 0
0.0397949 -0.848511 0.527222 -0.0217285
-1 0 0 0
-0.0323486 -0.193359 0.979767 -0.0396729
-1 0 0 0
0.00402832 -0.993073 -0.115967 0.0170898
0.141846 -0.00146484 -0.00671387 -0.989838
0.0482178 -0.885437 0.462158 0.00854492
-1 0 0 0
0.0447998 0.21106 0.97641 0.00402832
0.578857 -0.0045166 -0.0341797 -0.814697
0.012085 0.975616 0.217285 -0.0280762
0.660156 0.0567627 0.0252686 0.748535
-0.000732422 0.893372 -0.449097 -0.013916
0.895294 -0.00488281 -0.0230713 0.444824
-0.0241699 -0.421387 -0.904999 0.0529785
-0.999969 -0.00012207 -0.00012207 -0.00012207
0.0351562 0.962646 0.267944 -0.0153809
0.240479 0.967957 -0.0700684 -0.0168457
0.0032959 -0.147461 0.988983 -0.0113525
0.866852 -0.019043 0.0246582 0.497559
0.0322266 -0.885345 0.463379 0.0197754
0.741638 0.0201416 -0.0594482 -0.667847
-0.268433 0.718719 -0.567139 -0.299561
-0.0355225 0.0128174 -0.0374756 -0.998566
0.0759277 -0.959259 0.271484 -0.0181885
-1 0 0 0
0.00183105 0.150757 0.988556 0.00195312
-1 0 0 0
0 0 0 0
0 0 0 0
0 0 0 0
0 0 0 0
0 0 0 0
0 0 0 0
0 0 0 0
0 0 0 0
0 0 0 0
0 0 0 0
0 0 0 0
0 0 0 0
0 0 0 0
0 0 0 0
0 0 0 0
0 0 0 0
0 0 0 0
0 0 0 0
