-0.999969 -0.00012207 -0.00012207 -0.00012207
0.113281 -0.0119629 0.00585938 -0.993469
-0.0301514 -0.611328 -0.788116 0.0650635
0.328125 0.0533447 -0.00537109 0.943085
0.0167236 0.377686 0.925232 0.0317383
0.843658 0.0201416 -0.0322266 -0.535522
0.0361328 0.93985 0.3396 0.0032959
-1 0 0 0
0.0390625 -0.810608 0.58374 -0.0249023
-1 0 0 0
-0.0340576 -0.132935 0.989807 -0.0373535
-1 0 0 0
0.00109863 -0.994751 -0.100708 0.0164795
0.115845 0.00427246 -0.00842285 -0.993195
0.0488281 -0.848999 0.526123 0.00195312
-1 0 0 0
0.0473633 0.243164 0.968811 0.000610352
0.529541 -0.00878906 -0.0393066 -0.847321
0.0168457 0.982666 0.182617 -0.0267334
0.660278 0.0554199 0.0269775 0.748474
-0.00195312 0.878174 -0.478271 -0.00793457
0.922455 -0.0128174 -0.0274658 0.384888
-0.0305176 -0.442505 -0.894043 0.0627441
-0.999969 -0.00012207 -0.00012207 -0.00012207
0.0427246 0.966797 0.251587 -0.0113525
0.0681152 0.0123291 -0.0413818 -0.996735
-0.000610352 -0.21521 0.976379 -0.0189209
0.891754 -0.0255127 0.0183105 0.451416
0.0369873 -0.90271 0.427734 0.0280762
0.740387 0.0212402 -0.069458 -0.668213
0.361206 -0.217163 0.90274 0.0861816
0.0992432 -0.00598145 0.0510254 0.993713
0.0771484 -0.958923 0.272095 -0.0205078
-1 0 0 0
0.0112305 0.217529 0.975983 -0.00195312
-1 0 0 0
0 0 0 0
0 0 0 0
0 0 0 0
0 0 0 0
0 0 0 0
0 0 0 0
0 0 0 0
0 0 0 0
0 0 0 0
0 0 0 0
0 0 0 0
0 0 0 0
0 0 0 0
0 0 0 0
0 0 0 0
0 0 0 0
0 0 0 0
0 0 0 0
