-0.999969 -0.00012207 -0.00012207 -0.00012207
0.127197 0.0251465 -0.0687256 -0.989166
-0.0292969 -0.599731 -0.797272 0.0617676
0.266113 -0.0158691 -0.048584 0.962585
0.0152588 0.359375 0.932617 0.0288086
0.851562 -0.036377 -0.0927734 -0.514648

0.0361328 0.93985 0.3396 0.0032959
-1 0 0 0
-0.026001 -0.80423 0.588013 -0.0821533
-1 0 0 0
-0.00134277 -0.0776367 0.990326 -0.114868
-1 0 0 0

-0.127075 -0.980438 -0.0976562 0.114136
0.213867 0.118774 -0.189331 -0.950928
-0.0667725 -0.83667 0.531738 -0.112915
-1 0 0 0
0.0563965 0.22522 0.958862 -0.163208
0.562622 -0.202393 -0.128418 -0.791199

0.204468 0.953979 0.170532 -0.137817
0.660034 0.0535889 0.0272217 0.74881
0.00146484 0.874054 -0.485718 -0.0102539
0.888397 -0.256714 0.053833 0.376709
-0.00305176 -0.425415 -0.861359 0.277588
-0.999969 -0.00012207 -0.00012207 -0.00012207

0.283081 0.915527 0.260864 -0.116699
0.143921 0.162231 -0.288208 -0.932678
-0.232788 -0.544312 0.794373 -0.135986
0.836548 -0.308594 0.0731201 0.446777
0.290527 -0.774506 0.558838 -0.0583496
0.686157 -0.216064 -0.240601 -0.651611

-0.625671 0.582397 -0.14209 0.499146
0.0854492 -0.0888672 0.337891 0.933075
0.0788574 -0.95874 0.272339 -0.0205078
-1 0 0 0
0.0622559 0.196655 0.934479 -0.290161
-1 0 0 0
