-0.999969 -0.00012207 -0.00012207 -0.00012207
0.110352 -0.0129395 0.00549316 -0.993774
-0.0303955 -0.607544 -0.791016 0.0650635
0.333618 0.0527344 -0.00476074 0.941193
0.0161133 0.360352 0.932098 0.0319824
0.84729 0.0200195 -0.0313721 -0.529785

0.0361328 0.93985 0.3396 0.0032959
-1 0 0 0
0.0383301 -0.810486 0.583984 -0.0238037
-1 0 0 0
-0.0352783 -0.12439 0.990875 -0.0377197
-1 0 0 0

0.00598145 -0.994263 -0.10498 0.0183105
0.106934 -0.00354004 -0.00842285 -0.994202
0.0478516 -0.853668 0.518555 0.00744629
-1 0 0 0
0.0430908 0.243652 0.968872 0.00317383
0.551514 -0.00756836 -0.0313721 -0.833527

0.0100098 0.981445 0.188721 -0.0314941
0.660034 0.0535889 0.0272217 0.74881
0.00146484 0.874054 -0.485718 -0.0102539
0.933624 -0.0057373 -0.0205078 0.357544
-0.0233154 -0.446289 -0.89267 0.0584717
-0.999969 -0.00012207 -0.00012207 -0.00012207

0.0349121 0.962585 0.268188 -0.0162354
0.059082 -0.000854492 -0.0394287 -0.997467
0.00305176 -0.0568848 0.998322 -0.0100098
0.893127 -0.0164795 0.0275879 0.448608
0.0303955 -0.896118 0.442383 0.0183105
0.734741 0.0195312 -0.0568848 -0.675659

-0.70636 0.241333 0.130127 0.652588
0.0944824 0.00585938 0.0457764 0.994446
0.0788574 -0.95874 0.272339 -0.0205078
-1 0 0 0
-0.0012207 0.198364 0.980103 0.00292969
-1 0 0 0

