-0.999969 -0.00012207 -0.00012207 -0.00012207
0.0738525 -0.0755615 -0.0197754 -0.994202
-0.0310059 -0.606812 -0.791931 0.0603027
0.321289 0.017334 0.0546875 0.945221
0.012085 0.36145 0.931824 0.0297852
0.799286 -0.0229492 0.0177002 -0.60022

0.0361328 0.93985 0.3396 0.0032959
-1 0 0 0
-0.00915527 -0.833374 0.55188 0.0281982
-1 0 0 0
-0.0943604 -0.188354 0.974762 -0.0737305
-1 0 0 0

0.0860596 -0.982025 -0.118408 0.119141
-0.052124 -0.179199 -0.0478516 -0.981262
-0.0517578 -0.892761 0.4375 0.0942383
-1 0 0 0
-0.0854492 0.15332 0.984436 -0.00537109
0.595093 -0.0753174 0.132812 -0.789001

-0.0910645 0.9599 0.190796 -0.18396
0.660034 0.0535889 0.0272217 0.74881
0.00146484 0.874054 -0.485718 -0.0102539
0.955933 0.104004 0.173828 0.212402
0.157349 -0.423462 -0.891724 0.0270996
-0.999969 -0.00012207 -0.00012207 -0.00012207

-0.0318604 0.869568 0.433472 -0.234375
-0.0957031 -0.263672 -0.0935059 -0.955261
-0.209106 -0.969757 0.106323 0.0670166
0.898407 0.0803223 0.272705 0.334717
-0.0189209 -0.861511 0.463745 -0.205811
0.561035 -0.100098 0.185181 -0.800568

-0.744965 0.019043 0.0275879 0.66626
0.13562 0.286743 0.0856934 0.944458
0.0788574 -0.95874 0.272339 -0.0205078
-1 0 0 0
-0.246582 -0.0661621 0.960968 -0.106323
-1 0 0 0

