-0.999969 -0.00012207 -0.00012207 -0.00012207
0.17981 0.101807 -0.0421143 -0.977509
-0.0305176 -0.600708 -0.796265 0.0645752
0.254883 0.0174561 -0.119873 0.959351
0.0167236 0.373901 0.926758 0.0318604
0.90686 0.0360107 -0.14978 -0.392212
0.0361328 0.93985 0.3396 0.0032959
-1 0 0 0
0.00952148 -0.772461 0.617188 -0.149292
-1 0 0 0
0.0633545 0.0463867 0.991455 -0.103882
-1 0 0 0
-0.11853 -0.988037 -0.09729 0.0147705
0.228516 0.111328 -0.0466309 -0.966003
0.0233154 -0.791779 0.598267 -0.12085
-1 0 0 0
0.121704 0.2771 0.948395 -0.0944824
0.524048 -0.0671387 -0.135132 -0.838196
0.131104 0.975952 0.173462 -0.0141602
0.660278 0.0554199 0.0269775 0.748474
0.00256348 0.870453 -0.480469 0.106812
0.882446 -0.111084 -0.0716553 0.451416
-0.0305176 -0.442505 -0.894043 0.0627441
-0.999969 -0.00012207 -0.00012207 -0.00012207
0.153564 0.966949 0.203369 0.0045166
0.124146 0.114502 -0.0860596 -0.981842
-0.0577393 -0.461182 0.878113 -0.113525
0.863373 -0.124023 -0.0336914 0.487915
0.131958 -0.899414 0.407349 0.0876465
0.791412 0.010498 -0.175049 -0.585571
0.468384 -0.38855 0.756622 0.239014
0.0777588 -0.09375 0.117065 0.985626
0.0771484 -0.958923 0.272095 -0.0205078
-1 0 0 0
0.086792 0.287231 0.950043 -0.0858154
-1 0 0 0
0 0 0 0
0 0 0 0
0 0 0 0
0 0 0 0
0 0 0 0
0 0 0 0
0 0 0 0
0 0 0 0
0 0 0 0
0 0 0 0
0 0 0 0
0 0 0 0
0 0 0 0
0 0 0 0
0 0 0 0
0 0 0 0
0 0 0 0
0 0 0 0
