-0.999969 -0.00012207 -0.00012207 -0.00012207
0.153809 -0.0136719 0.00720215 -0.987976
-0.00671387 -0.836151 -0.543823 0.0710449
0.268677 0.0559082 -0.00109863 0.961578
0.0124512 0.270752 0.961975 0.0335693
0.81842 0.0196533 -0.0321045 -0.573364
0.0361328 0.93985 0.3396 0.0032959
-1 0 0 0
0.0423584 -0.861115 0.506226 -0.0205078
-1 0 0 0
-0.03125 -0.23645 0.970367 -0.0385742
-1 0 0 0
0.00500488 -0.995758 -0.0906982 0.0136719
0.133057 0.00012207 -0.00256348 -0.991089
0.0501709 -0.892944 0.447266 0.00891113
-1 0 0 0
0.0458984 0.21228 0.976105 0.00585938
0.511475 -0.00354004 -0.0368652 -0.85849
0.0112305 0.981567 0.189331 -0.0229492
0.657837 0.0494385 0.0219727 0.75119
-0.00512695 0.899506 -0.436646 -0.0131836
0.883453 -0.00195312 -0.029541 0.467529
-0.0294189 -0.442017 -0.894806 0.0551758
-0.999969 -0.00012207 -0.00012207 -0.00012207
0.0333252 0.977112 0.209717 -0.010376
0.0974121 0.00610352 -0.0330811 -0.994659
0.00439453 -0.0246582 0.999512 -0.0181885
0.866547 -0.0142822 0.0184326 0.498535
0.0285645 -0.90567 0.422119 0.0273438
0.706604 0.0247803 -0.0628662 -0.704346
-0.0291748 0.732849 -0.678101 0.0471191
0.0273438 -0.0164795 0.0297852 0.999023
0.0831299 -0.958588 0.271973 -0.0150146
-1 0 0 0
0.00598145 0.186646 0.982361 0.00830078
-1 0 0 0
0 0 0 0
0 0 0 0
0 0 0 0
0 0 0 0
0 0 0 0
0 0 0 0
0 0 0 0
0 0 0 0
0 0 0 0
0 0 0 0
0 0 0 0
0 0 0 0
0 0 0 0
0 0 0 0
0 0 0 0
0 0 0 0
0 0 0 0
0 0 0 0
