-0.999969 -0.00012207 -0.00012207 -0.00012207
0.154175 -0.0352783 -0.00842285 -0.987366
-0.00793457 -0.832489 -0.549561 0.0698242
0.268311 0.0374756 0.0183105 0.962402
0.0111084 0.262451 0.964294 0.0332031
0.813782 -0.000488281 -0.0158691 -0.580933
0.0361328 0.93985 0.3396 0.0032959
-1 0 0 0
0.0198975 -0.861847 0.506714 -0.00476074
-1 0 0 0
-0.0512695 -0.234253 0.969177 -0.0560303
-1 0 0 0
0.0279541 -0.994354 -0.0863037 0.0545654
0.126465 -0.0531006 -0.0385742 -0.989777
0.00952148 -0.891968 0.450806 0.0319824
-1 0 0 0
0.000488281 0.209473 0.977783 -0.00537109
0.511597 -0.0345459 0.0203857 -0.858276
-0.0140381 0.979095 0.184937 -0.0834961
0.657837 0.0494385 0.0219727 0.75119
0.0518799 0.895081 -0.440552 -0.0447998
0.894012 0.00622559 0.0478516 0.445435
0.0350342 -0.441528 -0.894806 0.0560303
-0.999969 -0.00012207 -0.00012207 -0.00012207
0.00463867 0.972076 0.21814 -0.0863037
0.0893555 -0.0697021 -0.0820312 -0.990143
0.00695801 0.0396729 0.997681 0.0546875
0.866852 -0.0107422 0.109131 0.486328
0.0299072 -0.902924 0.425659 -0.0512695
0.69519 -0.0374756 0.00500488 -0.717804
-0.145996 0.631836 -0.7612 0.00012207
0.0362549 0.0705566 0.0704346 0.994354
0.0831299 -0.958588 0.271973 -0.0150146
-1 0 0 0
-0.0799561 0.1698 0.981934 -0.0231934
-1 0 0 0
0 0 0 0
0 0 0 0
0 0 0 0
0 0 0 0
0 0 0 0
0 0 0 0
0 0 0 0
0 0 0 0
0 0 0 0
0 0 0 0
0 0 0 0
0 0 0 0
0 0 0 0
0 0 0 0
0 0 0 0
0 0 0 0
0 0 0 0
0 0 0 0
