-0.999969 -0.00012207 -0.00012207 -0.00012207
0.129883 -0.0793457 -0.0610352 -0.98645
-0.00878906 -0.838043 -0.541504 0.06604
0.208252 -0.0262451 0.0532227 0.976257
0.0078125 0.272217 0.9617 0.0305176
0.746735 -0.0594482 0.0170898 -0.662231
0.0361328 0.93985 0.3396 0.0032959
-1 0 0 0
-0.0484619 -0.877411 0.476929 0.0172119
-1 0 0 0
-0.086792 -0.269043 0.951782 -0.119019
-1 0 0 0
0.0594482 -0.977509 -0.0913086 0.180542
-0.0388184 -0.196167 -0.14209 -0.969421
-0.12207 -0.908325 0.395752 0.0584717
-1 0 0 0
-0.106323 0.0970459 0.986267 -0.0808105
0.615112 -0.174805 0.128418 -0.757996
-0.0415039 0.948273 0.174316 -0.261963
0.657837 0.0494385 0.0219727 0.75119
0.226074 0.862152 -0.44397 -0.0919189
0.94281 0.041626 0.266235 0.196167
0.210571 -0.422607 -0.875458 0.102905
-0.999969 -0.00012207 -0.00012207 -0.00012207
0.0557861 0.851837 0.419189 -0.309082
-0.0616455 -0.280762 -0.231201 -0.929443
0.270264 0.947144 0.145386 0.0933838
0.867859 -0.0186768 0.362793 0.338867
0.0767822 -0.844421 0.453125 -0.275146
0.469604 -0.214111 0.208374 -0.83078
-0.307007 0.865112 -0.330444 -0.21936
0.0697021 0.295776 0.239136 0.92218
0.0831299 -0.958588 0.271973 -0.0150146
-1 0 0 0
-0.236206 -0.085083 0.935852 -0.247192
-1 0 0 0
0 0 0 0
0 0 0 0
0 0 0 0
0 0 0 0
0 0 0 0
0 0 0 0
0 0 0 0
0 0 0 0
0 0 0 0
0 0 0 0
0 0 0 0
0 0 0 0
0 0 0 0
0 0 0 0
0 0 0 0
0 0 0 0
0 0 0 0
0 0 0 0
