-0.999969 -0.00012207 -0.00012207 -0.00012207
0.1427 -0.0150146 0.00683594 -0.989624
-0.00769043 -0.832001 -0.550049 0.0715332
0.293091 0.0546875 -0.00134277 0.954498
0.0148926 0.351318 0.935577 0.0323486
0.77774 0.0164795 -0.0314941 -0.627563
0.0361328 0.93985 0.3396 0.0032959
-1 0 0 0
0.0406494 -0.845428 0.532104 -0.0203857
-1 0 0 0
-0.0330811 -0.213989 0.975494 -0.0389404
-1 0 0 0
0.00683594 -0.997711 -0.0650635 0.0157471
0.119995 -0.00280762 -0.00708008 -0.992737
0.0483398 -0.886505 0.460083 0.00939941
-1 0 0 0
0.0438232 0.224976 0.973358 0.00439453
0.481567 -0.00915527 -0.0330811 -0.875732
0.0102539 0.987427 0.154907 -0.0294189
0.659546 0.0557861 0.0234375 0.749207
-0.000366211 0.890625 -0.454468 -0.0140381
0.908875 -0.00585938 -0.0228271 0.416382
-0.0205078 -0.468994 -0.88089 0.0601807
-0.999969 -0.00012207 -0.00012207 -0.00012207
0.0340576 0.981995 0.184814 -0.0185547
0.0887451 0.0020752 -0.0386963 -0.99527
0.00402832 -0.252441 0.967529 -0.0115967
0.880646 -0.0162354 0.026001 0.472778
0.0319824 -0.907562 0.418091 0.0217285
0.667236 0.0153809 -0.0599365 -0.742249
-0.0456543 0.365601 -0.925537 0.0871582
0.0327148 -0.00927734 0.0338135 0.99884
0.0762939 -0.959442 0.270874 -0.0148926
-1 0 0 0
0.000732422 0.177246 0.984131 0.00354004
-1 0 0 0
0 0 0 0
0 0 0 0
0 0 0 0
0 0 0 0
0 0 0 0
0 0 0 0
0 0 0 0
0 0 0 0
0 0 0 0
0 0 0 0
0 0 0 0
0 0 0 0
0 0 0 0
0 0 0 0
0 0 0 0
0 0 0 0
0 0 0 0
0 0 0 0
