-0.999969 -0.00012207 -0.00012207 -0.00012207
0.143555 -0.0150146 0.00683594 -0.989502
-0.0102539 -0.810944 -0.580688 0.071167
0.287231 0.0546875 -0.000976562 0.956268
0.0147705 0.348389 0.936646 0.0323486
0.777924 0.0166016 -0.0313721 -0.627319
0.0361328 0.93985 0.3396 0.0032959
-1 0 0 0
0.0406494 -0.845276 0.532349 -0.0203857
-1 0 0 0
-0.032959 -0.217163 0.974792 -0.0390625
-1 0 0 0
0.00683594 -0.99762 -0.0667725 0.0157471
0.121216 -0.00280762 -0.00708008 -0.992584
0.0483398 -0.886169 0.460693 0.00939941
-1 0 0 0
0.0438232 0.224731 0.973419 0.00439453
0.482178 -0.00915527 -0.0330811 -0.875397
0.0102539 0.987427 0.154907 -0.0294189
0.659546 0.0557861 0.0234375 0.749207
-0.000366211 0.890381 -0.454956 -0.0140381
0.907684 -0.0057373 -0.0228271 0.418945
-0.0205078 -0.468994 -0.88089 0.0601807
-0.999969 -0.00012207 -0.00012207 -0.00012207
0.0340576 0.981995 0.184814 -0.0185547
0.0882568 0.00195312 -0.0386963 -0.995331
0.00402832 -0.254761 0.966919 -0.0115967
0.879242 -0.0163574 0.0258789 0.475342
0.0319824 -0.907104 0.419067 0.0217285
0.667236 0.0153809 -0.0599365 -0.742249
-0.0456543 0.759125 -0.645386 0.0712891
0.0332031 -0.00927734 0.0338135 0.99881
0.0762939 -0.959442 0.270874 -0.0148926
-1 0 0 0
0.000732422 0.177734 0.98407 0.00354004
-1 0 0 0
0 0 0 0
0 0 0 0
0 0 0 0
0 0 0 0
0 0 0 0
0 0 0 0
0 0 0 0
0 0 0 0
0 0 0 0
0 0 0 0
0 0 0 0
0 0 0 0
0 0 0 0
0 0 0 0
0 0 0 0
0 0 0 0
0 0 0 0
0 0 0 0
