-0.999969 -0.00012207 -0.00012207 -0.00012207
0.154785 -0.0136719 0.00720215 -0.987823
-0.00695801 -0.833588 -0.547729 0.0710449
0.27063 0.0559082 -0.0012207 0.961029
0.0124512 0.272339 0.961517 0.0334473
0.818756 0.0196533 -0.0319824 -0.572876
0.0361328 0.93985 0.3396 0.0032959
-1 0 0 0
0.0423584 -0.861328 0.505859 -0.0205078
-1 0 0 0
-0.0313721 -0.233765 0.971008 -0.0384521
-1 0 0 0
0.00500488 -0.995789 -0.09021 0.0136719
0.133911 0.00012207 -0.00256348 -0.990967
0.0501709 -0.893188 0.446777 0.00891113
-1 0 0 0
0.0460205 0.213135 0.975891 0.00585938
0.510864 -0.00354004 -0.0368652 -0.858856
0.0112305 0.981415 0.190186 -0.0229492
0.657837 0.0494385 0.0219727 0.75119
-0.00512695 0.899261 -0.437134 -0.0131836
0.885529 -0.00195312 -0.029541 0.463623
-0.0294189 -0.442017 -0.894806 0.0551758
-0.999969 -0.00012207 -0.00012207 -0.00012207
0.0333252 0.97702 0.210205 -0.010376
0.0970459 0.00610352 -0.0330811 -0.99469
0.00439453 -0.0267334 0.999451 -0.0180664
0.865967 -0.0142822 0.0184326 0.499512
0.0285645 -0.905334 0.422852 0.0273438
0.707367 0.0249023 -0.0627441 -0.703613
-0.0274658 0.332764 -0.940704 0.0595703
0.0268555 -0.0164795 0.0296631 0.999054
0.0831299 -0.958588 0.271973 -0.0150146
-1 0 0 0
0.00598145 0.186157 0.982452 0.00830078
-1 0 0 0
0 0 0 0
0 0 0 0
0 0 0 0
0 0 0 0
0 0 0 0
0 0 0 0
0 0 0 0
0 0 0 0
0 0 0 0
0 0 0 0
0 0 0 0
0 0 0 0
0 0 0 0
0 0 0 0
0 0 0 0
0 0 0 0
0 0 0 0
0 0 0 0
