-0.999969 -0.00012207 -0.00012207 -0.00012207
0.143555 -0.0150146 0.00683594 -0.989502
-0.0101318 -0.812408 -0.578613 0.071167
0.286011 0.0546875 -0.000976562 0.956635
0.0148926 0.350464 0.935883 0.0323486
0.777832 0.0166016 -0.0313721 -0.627441
0.0361328 0.93985 0.3396 0.0032959
-1 0 0 0
0.0406494 -0.84552 0.531982 -0.0203857
-1 0 0 0
-0.0330811 -0.21521 0.97522 -0.0389404
-1 0 0 0
0.00683594 -0.99762 -0.0664062 0.0157471
0.120361 -0.00280762 -0.00708008 -0.992676
0.0483398 -0.885681 0.46167 0.00927734
-1 0 0 0
0.0438232 0.224609 0.97345 0.00439453
0.481934 -0.00915527 -0.0330811 -0.875519
0.0102539 0.987457 0.154663 -0.0294189
0.659546 0.0557861 0.0234375 0.749207
-0.000366211 0.890686 -0.454346 -0.0140381
0.907928 -0.0057373 -0.0228271 0.418457
-0.0205078 -0.468994 -0.88089 0.0601807
-0.999969 -0.00012207 -0.00012207 -0.00012207
0.0340576 0.981995 0.184814 -0.0185547
0.088501 0.00195312 -0.0386963 -0.9953
0.00402832 -0.253174 0.967316 -0.0115967
0.879456 -0.0163574 0.0258789 0.474976
0.0319824 -0.907166 0.418945 0.0217285
0.667725 0.0155029 -0.0599365 -0.741821
-0.0458984 0.363403 -0.926361 0.0874023
0.0328369 -0.00927734 0.0338135 0.99884
0.0762939 -0.959442 0.270874 -0.0148926
-1 0 0 0
0.000732422 0.177979 0.984009 0.00354004
-1 0 0 0
0 0 0 0
0 0 0 0
0 0 0 0
0 0 0 0
0 0 0 0
0 0 0 0
0 0 0 0
0 0 0 0
0 0 0 0
0 0 0 0
0 0 0 0
0 0 0 0
0 0 0 0
0 0 0 0
0 0 0 0
0 0 0 0
0 0 0 0
0 0 0 0
