-0.999969 -0.00012207 -0.00012207 -0.00012207
0.133789 -0.0786133 -0.0579834 -0.986176
-0.00866699 -0.835022 -0.546021 0.0668945
0.222656 -0.0219727 0.0533447 0.973175
0.00854492 0.268799 0.962646 0.0311279
0.760132 -0.0566406 0.0158691 -0.647095
0.0361328 0.93985 0.3396 0.0032959
-1 0 0 0
-0.0445557 -0.874603 0.482422 0.0181885
-1 0 0 0
-0.086792 -0.265015 0.9534 -0.11499
-1 0 0 0
0.0600586 -0.978882 -0.0882568 0.174194
-0.00170898 -0.185425 -0.141357 -0.972412
-0.114136 -0.905334 0.404541 0.0603027
-1 0 0 0
-0.103882 0.125366 0.984009 -0.0720215
0.588501 -0.161621 0.130005 -0.781433
-0.0421143 0.950714 0.174683 -0.252686
0.657837 0.0494385 0.0219727 0.75119
0.21582 0.866486 -0.440796 -0.0911865
0.933655 0.0284424 0.254883 0.25
0.20166 -0.423096 -0.87796 0.0974121
-0.999969 -0.00012207 -0.00012207 -0.00012207
0.0450439 0.865051 0.401978 -0.296753
-0.0234375 -0.260254 -0.229614 -0.937531
0.237183 0.906219 0.324707 0.130615
0.862457 -0.026001 0.346069 0.368408
0.0760498 -0.856171 0.439819 -0.260254
0.51416 -0.210449 0.186279 -0.810333
-0.385742 0.832245 -0.346191 -0.196777
0.0571289 0.27771 0.228882 0.931244
0.0831299 -0.958588 0.271973 -0.0150146
-1 0 0 0
-0.235474 -0.0477295 0.944824 -0.222656
-1 0 0 0
0 0 0 0
0 0 0 0
0 0 0 0
0 0 0 0
0 0 0 0
0 0 0 0
0 0 0 0
0 0 0 0
0 0 0 0
0 0 0 0
0 0 0 0
0 0 0 0
0 0 0 0
0 0 0 0
0 0 0 0
0 0 0 0
0 0 0 0
0 0 0 0
