-0.999969 -0.00012207 -0.00012207 -0.00012207
0.150146 -0.0527344 -0.0249023 -0.986938
-0.00817871 -0.832764 -0.549194 0.0690918
0.26123 0.0184326 0.0336914 0.964508
0.010376 0.262329 0.964355 0.0328369
0.80365 -0.0200195 -0.00317383 -0.594727
0.0361328 0.93985 0.3396 0.0032959
-1 0 0 0
-0.00219727 -0.864868 0.501953 0.00634766
-1 0 0 0
-0.0668945 -0.243652 0.9646 -0.0751953
-1 0 0 0
0.0438232 -0.990723 -0.0866699 0.0949707
0.104248 -0.0986328 -0.0754395 -0.986755
-0.0313721 -0.895813 0.440674 0.0478516
-1 0 0 0
-0.0393066 0.187378 0.981232 -0.0222168
0.526611 -0.0695801 0.0670166 -0.844574
-0.0299072 0.972534 0.183105 -0.140381
0.657837 0.0494385 0.0219727 0.75119
0.106689 0.889465 -0.439331 -0.0665283
0.904449 0.00927734 0.118896 0.409546
0.0946045 -0.436279 -0.892487 0.0643311
-0.999969 -0.00012207 -0.00012207 -0.00012207
-0.00524902 0.953491 0.25708 -0.157227
0.0722656 -0.134033 -0.131836 -0.979492
0.0412598 0.33667 0.933014 0.119995
0.864716 -0.0142822 0.189331 0.464966
0.0395508 -0.896027 0.424683 -0.123291
0.660767 -0.0977783 0.0629883 -0.741516
-0.228271 0.670898 -0.704712 -0.0340576
0.0360107 0.144775 0.115723 0.981995
0.0831299 -0.958588 0.271973 -0.0150146
-1 0 0 0
-0.148804 0.112793 0.97995 -0.0693359
-1 0 0 0
0 0 0 0
0 0 0 0
0 0 0 0
0 0 0 0
0 0 0 0
0 0 0 0
0 0 0 0
0 0 0 0
0 0 0 0
0 0 0 0
0 0 0 0
0 0 0 0
0 0 0 0
0 0 0 0
0 0 0 0
0 0 0 0
0 0 0 0
0 0 0 0
