-0.999969 -0.00012207 -0.00012207 -0.00012207
0.140503 -0.0150146 0.00683594 -0.989929
-0.0107422 -0.807587 -0.585327 0.071167
0.294434 0.0545654 -0.00146484 0.954102
0.0144043 0.337646 0.940582 0.0325928
0.781464 0.0167236 -0.03125 -0.622925
0.0361328 0.93985 0.3396 0.0032959
-1 0 0 0
0.0405273 -0.842285 0.537109 -0.0206299
-1 0 0 0
-0.0333252 -0.206299 0.977142 -0.0386963
-1 0 0 0
0.00671387 -0.997742 -0.0645752 0.0158691
0.120483 -0.00268555 -0.00708008 -0.992676
0.0484619 -0.882141 0.468384 0.00891113
-1 0 0 0
0.0439453 0.225586 0.973206 0.00427246
0.480225 -0.00915527 -0.032959 -0.876465
0.0102539 0.987488 0.154419 -0.029541
0.659546 0.0557861 0.0234375 0.749207
-0.000366211 0.889069 -0.45752 -0.0140381
0.913757 -0.00610352 -0.0227051 0.405518
-0.0205078 -0.468994 -0.88089 0.0601807
-0.999969 -0.00012207 -0.00012207 -0.00012207
0.0340576 0.981995 0.184814 -0.0185547
0.0882568 0.0020752 -0.0386963 -0.995331
0.00402832 -0.249268 0.968353 -0.0115967
0.880951 -0.0162354 0.026001 0.472168
0.0321045 -0.904572 0.424561 0.0216064
0.672485 0.0158691 -0.0598145 -0.737518
-0.046875 0.761017 -0.643188 0.0703125
0.0319824 -0.00927734 0.0338135 0.998871
0.0762939 -0.959442 0.270874 -0.0148926
-1 0 0 0
0.000732422 0.176758 0.984222 0.00354004
-1 0 0 0
0 0 0 0
0 0 0 0
0 0 0 0
0 0 0 0
0 0 0 0
0 0 0 0
0 0 0 0
0 0 0 0
0 0 0 0
0 0 0 0
0 0 0 0
0 0 0 0
0 0 0 0
0 0 0 0
0 0 0 0
0 0 0 0
0 0 0 0
0 0 0 0
