-0.999969 -0.00012207 -0.00012207 -0.00012207
0.141235 -0.0710449 -0.0450439 -0.986389
-0.00842285 -0.83493 -0.546021 0.0681152
0.242432 -0.00634766 0.0489502 0.968903
0.00927734 0.263916 0.963959 0.0322266
0.781128 -0.0429688 0.0102539 -0.622803
0.0361328 0.93985 0.3396 0.0032959
-1 0 0 0
-0.0285645 -0.869507 0.492798 0.0164795
-1 0 0 0
-0.0817871 -0.257446 0.957672 -0.0993652
-1 0 0 0
0.0588379 -0.984192 -0.0828857 0.144897
0.0528564 -0.152466 -0.116821 -0.97995
-0.0821533 -0.901001 0.421631 0.0604248
-1 0 0 0
-0.0834961 0.166016 0.981415 -0.0477295
0.554688 -0.120117 0.114136 -0.815369
-0.0430908 0.960175 0.177124 -0.21167
0.657837 0.0494385 0.0219727 0.75119
0.173096 0.876953 -0.439819 -0.086792
0.922852 0.0197754 0.204956 0.325439
0.16272 -0.429443 -0.884674 0.0802002
-0.999969 -0.00012207 -0.00012207 -0.00012207
0.0194092 0.895813 0.369629 -0.245972
0.026001 -0.211182 -0.190674 -0.958313
0.153442 0.753662 0.621338 0.149536
0.863892 -0.019043 0.286621 0.413696
0.057373 -0.87677 0.429932 -0.207642
0.584717 -0.165771 0.136719 -0.782257
-0.339478 0.63208 -0.695892 -0.0308838
0.0458984 0.227295 0.177124 0.956451
0.0831299 -0.958588 0.271973 -0.0150146
-1 0 0 0
-0.213257 0.0187988 0.965057 -0.151001
-1 0 0 0
0 0 0 0
0 0 0 0
0 0 0 0
0 0 0 0
0 0 0 0
0 0 0 0
0 0 0 0
0 0 0 0
0 0 0 0
0 0 0 0
0 0 0 0
0 0 0 0
0 0 0 0
0 0 0 0
0 0 0 0
0 0 0 0
0 0 0 0
0 0 0 0
