0 0 -396 -399 -25 -32767 -4 -4 -4
0 1 -396 -385 -31 4008 -468 592 -32513
0 2 -396 -389 -26 -840 -21848 -24306 2212
0 3 -396 -387 -32 11124 2160 -92 30746
0 4 -396 -387 -30 520 11868 30520 1056
0 5 -396 -388 -31 26526 940 -856 -19196
1 0 -396 -395 -21 1184 30797 11128 108
1 1 -396 -385 -25 -32768 0 0 0
1 2 -396 -390 -17 1668 -26958 18544 -584
1 3 -396 -395 -24 -32768 0 0 0
1 4 -396 -384 -20 -1156 -5408 32286 -868
1 5 -396 -387 -22 -32768 0 0 0
2 0 -396 -392 -32 -296 -32643 -2836 -200
2 1 -396 -384 -23 4384 920 1096 -32441
2 2 -396 -393 -26 2296 -27957 16932 -408
2 3 -396 -392 -31 -32768 0 0 0
2 4 -396 -387 -32 2320 8492 31563 116
2 5 -396 -396 -31 16580 872 -2180 -28166
3 0 -216 -220 -7 480 32184 6096 700
3 1 -216 -213 -11 21636 2012 732 24516
3 2 -216 -220 -8 -1656 28740 -15652 -72
3 3 -216 -209 -10 29930 512 -1988 13180
3 4 -216 -210 -7 -152 -17672 -27452 2788
3 5 -216 -228 -6 -32767 -4 -4 -4
4 0 -216 -192 -12 612 32151 6248 788
4 1 -216 -219 -11 2536 312 -232 -32667
4 2 -216 -207 -17 556 8100 31694 -1812
4 3 -216 -215 -9 29077 280 112 15104
4 4 -216 -218 -7 100 -29747 13620 1824
4 5 -216 -222 -11 23741 1840 -1960 -22424
5 0 -216 -211 -11 -24031 548 -9452 20164
5 1 -216 -215 -17 2188 -544 708 32682
5 2 -216 -184 -14 2388 -31451 8864 -508
5 3 -216 -210 -16 -32768 0 0 0
5 4 -216 -235 -12 604 7472 31880 1076
5 5 -216 -208 -10 -32768 0 0 0
