0 0 -593 0 0 0 0 0 0
0 1 -296 0 0 0 0 0 0
0 2 296 0 0 0 0 0 0
0 3 593 0 0 0 0 0 0
0 4 296 0 0 0 0 0 0
0 5 -296 0 0 0 0 0 0
1 0 -593 0 0 0 0 0 0
1 1 -296 0 0 0 0 0 0
1 2 296 0 0 0 0 0 0
1 3 593 0 0 0 0 0 0
1 4 296 0 0 0 0 0 0
1 5 -296 0 0 0 0 0 0
2 0 -593 0 0 0 0 0 0
2 1 -296 0 0 0 0 0 0
2 2 296 0 0 0 0 0 0
2 3 593 0 0 0 0 0 0
2 4 296 0 0 0 0 0 0
2 5 -296 0 0 0 0 0 0
3 0 513 0 0 0 0 0 0
3 1 268 0 0 0 0 0 0
3 2 -221 0 0 0 0 0 0
3 3 -466 0 0 0 0 0 0
3 4 -221 0 0 0 0 0 0
3 5 268 0 0 0 0 0 0
4 0 513 0 0 0 0 0 0
4 1 268 0 0 0 0 0 0
4 2 -221 0 0 0 0 0 0
4 3 -466 0 0 0 0 0 0
4 4 -221 0 0 0 0 0 0
4 5 268 0 0 0 0 0 0
5 0 513 0 0 0 0 0 0
5 1 268 0 0 0 0 0 0
5 2 -221 0 0 0 0 0 0
5 3 -466 0 0 0 0 0 0
5 4 -221 0 0 0 0 0 0
5 5 268 0 0 0 0 0 0
0
