0 0 0 -1 -1 -32767 -4 -4 -4
0 1 -198 -200 -14 2984 -2292 1628 -32510
0 2 -593 -343 -21 -852 -21696 -24442 2208
0 3 -791 -340 -31 13520 3144 1604 29639
0 4 -593 -343 -27 508 11688 30589 1064
0 5 -198 -203 -16 25488 1364 1144 -20516
1 0 0 -1 0 1184 30797 11128 108
1 1 -198 -189 -12 -32768 0 0 0
1 2 -593 -341 -13 1988 -27594 17484 1624
1 3 -791 -335 -25 -32768 0 0 0
1 4 -593 -282 -17 -3096 -9136 31314 -272
1 5 -198 -198 -7 -32768 0 0 0
2 0 0 -1 -7 3940 -32386 -3056 32
2 1 -198 -194 -9 -904 -4768 4280 -32122
2 2 -593 -346 -18 2048 -29292 13952 4100
2 3 -791 -346 -35 -32768 0 0 0
2 4 -593 -349 -30 -856 6052 32037 3164
2 5 -198 -194 -14 16540 3956 3828 -27746
3 0 -370 -339 -18 -6276 31544 6224 -752
3 1 -309 -257 -19 21636 2012 732 24516
3 2 -187 -188 -3 -1304 28103 -15308 -6920
3 3 -126 -131 -4 30794 4636 -712 10172
3 4 -187 -183 -6 3632 -17768 -27122 -3036
3 5 -309 -308 -16 -32767 -4 -4 -4
4 0 -370 -235 -22 -3976 31399 8480 -276
4 1 -309 -308 -15 1224 -2024 1100 -32664
4 2 -187 -186 -15 3844 24748 20868 -3316
4 3 -126 -125 -3 29436 2732 1148 14088
4 4 -187 -179 -3 -3776 -29491 13756 -696
4 5 -309 -300 -18 22648 2556 572 -23536
5 0 -370 -349 -23 -21704 -932 -5540 23898
5 1 -309 -309 -24 2348 -164 316 32681
5 2 -187 -181 -14 2388 -31451 8864 -508
5 3 -126 -121 -8 -32768 0 0 0
5 4 -187 -177 -10 -1612 4664 32269 2836
5 5 -309 -307 -19 -32768 0 0 0
