0 0 361 349 15 -32767 -4 -4 -4
0 1 -17 -8 -3 1796 -4544 2652 -32292
0 2 -775 -539 -20 -852 -21692 -24445 2208
0 3 -1154 -539 -36 17408 4384 3340 27208
0 4 -775 -545 -26 520 12288 30354 1052
0 5 -17 -11 -1 24044 1728 3480 -21920
1 0 361 347 11 1184 30797 11128 108
1 1 -17 -9 0 -32768 0 0 0
1 2 -775 -539 -14 1732 -28154 16116 4284
1 3 -1154 -530 -32 -32768 0 0 0
1 4 -775 -434 -18 -5540 -12736 29675 -488
1 5 -17 -17 3 -32768 0 0 0
2 0 361 363 11 8856 -31366 -3304 724
2 1 -17 -10 3 -4276 -10104 8380 -29717
2 2 -775 -551 -19 192 -29753 10176 9212
2 3 -1154 -548 -36 -32768 0 0 0
2 4 -775 -552 -26 -6008 -16 31799 5140
2 5 -17 -17 1 16908 5996 10576 -25299
3 0 -715 -541 -27 -12868 29100 7112 -3276
3 1 -482 -386 -20 21636 2012 732 24516
3 2 -15 -17 10 -336 26060 -14300 -13784
3 3 218 214 11 30691 8536 776 7636
3 4 -15 -17 6 8400 -16948 -25368 -8508
3 5 -482 -473 -18 -32767 -4 -4 -4
4 0 -715 -344 -28 -7608 28967 12868 -3344
4 1 -482 -474 -15 252 -3896 1832 -32482
4 2 -15 -22 -6 7668 26565 16872 -4956
4 3 218 211 10 29527 4280 2200 13368
4 4 -15 -19 5 -6932 -28935 13184 -3824
4 5 -482 -482 -22 21584 2756 2488 -24373
5 0 -715 -553 -25 -22516 500 -3940 23473
5 1 -482 -483 -23 2624 20 356 32660
5 2 -15 -39 -4 2388 -31451 8864 -508
5 3 218 214 5 -32768 0 0 0
5 4 -15 -7 -2 -3868 676 32375 3188
5 5 -482 -483 -20 -32768 0 0 0
