0 0 -633 -582 -28 -32767 -4 -4 -4
0 1 -492 -499 -28 5524 2348 -488 -32209
0 2 -208 -183 -11 -772 -22292 -23898 2252
0 3 -66 -68 -5 8924 1352 -2912 31365
0 4 -208 -206 -12 512 12168 30402 1052
0 5 -492 -497 -27 28419 1084 -3740 -15840
1 0 -633 -547 -31 1184 30797 11128 108
1 1 -492 -485 -27 -32768 0 0 0
1 2 -208 -237 -8 1172 -25976 19580 -3772
1 3 -66 -49 -4 -32768 0 0 0
1 4 -208 -194 -4 1412 -36 32661 -2236
1 5 -492 -488 -22 -32768 0 0 0
2 0 -633 -637 -34 -6000 -32109 -2572 -284
2 1 -492 -481 -23 11148 9600 -404 -29276
2 2 -208 -207 -5 1132 -25700 19308 -6256
2 3 -66 -47 -5 -32768 0 0 0
2 4 -208 -200 -12 5824 9524 30482 -4464
2 5 -492 -496 -30 15716 -3800 -9940 -26711
3 0 21 19 14 9608 30551 6500 2404
3 1 -78 -64 -2 21636 2012 732 24516
3 2 -277 -273 -11 -1584 27605 -14984 9200
3 3 -376 -374 -22 27014 -4408 -4620 17412
3 4 -277 -280 -8 -5948 -16156 -25971 10140
3 5 -78 -75 5 -32767 -4 -4 -4
4 0 21 18 7 6656 31694 4832 1240
4 1 -78 -74 0 3784 2540 -1704 -32404
4 2 -277 -269 -19 -2348 -12996 29405 -5884
4 3 -376 -377 -20 28562 -2280 -644 15884
4 4 -277 -262 -9 5216 -29409 12520 4984
4 5 -78 -91 2 24530 804 -4300 -21280
5 0 21 26 8 -25931 -6236 -1476 18980
5 1 -78 -72 -5 2244 344 656 32682
5 2 -277 -299 -14 2388 -31451 8864 -508
5 3 -376 -369 -28 -32768 0 0 0
5 4 -277 -276 -18 2136 8580 31531 -1160
5 5 -78 -76 1 -32768 0 0 0
