0 0 -119 -86 2 -32767 -4 -4 -4
0 1 -645 -476 -28 3572 -1748 -4664 -32189
0 2 -623 -482 -20 -888 -21288 -24798 2192
0 3 -76 -74 2 4816 -3416 144 32231
0 4 449 445 16 520 12324 30339 1044
0 5 428 427 17 22096 -4480 -328 -23776
1 0 -119 -109 -1 1184 30797 11128 108
1 1 -645 -477 -25 -32768 0 0 0
1 2 -623 -481 -16 -3896 -27580 17228 -1048
1 3 -76 -74 4 -32768 0 0 0
1 4 449 425 17 -5836 32052 -876 3396
1 5 428 427 16 -32768 0 0 0
2 0 -119 -121 1 -1756 -30996 -2824 10096
2 1 -645 -494 -23 -16804 -12460 -7528 -24071
2 2 -623 -492 -20 -8172 -28347 14188 -1452
2 3 -76 -70 -3 -32768 0 0 0
2 4 449 439 24 -952 7756 31819 444
2 5 428 423 16 22458 -14192 264 -19180
3 0 11 4 7 3732 28542 4096 -15112
3 1 401 391 16 21600 1840 716 24561
3 2 385 375 23 14452 24935 -15576 716
3 3 -20 -13 0 31297 -2288 9136 2344
3 4 -410 -402 -13 6012 -9596 -28493 11560
3 5 -394 -395 -13 -32767 -4 -4 -4
4 0 11 1 1 6032 28508 11800 -9240
4 1 401 396 19 -1876 1272 6400 32056
4 2 385 378 16 9136 29319 -10932 3336
4 3 -20 -20 -2 29079 -3708 5068 13736
4 4 -410 -400 -14 5772 -24409 19268 -8564
4 5 -394 -395 -17 19328 -4668 -1128 -26021
5 0 11 18 7 20376 -8004 -1984 24301
5 1 401 391 22 1884 -760 1608 32665
5 2 385 385 20 2528 -31438 8876 -448
5 3 -20 -27 -2 -32768 0 0 0
5 4 -410 -401 -21 1812 -2704 -32247 4820
5 5 -394 -396 -17 -32768 0 0 0
