1 10000 10000 10000 0 0 0.0329029 0 0 0.0329029 0 0 0.0328379 0 0 0.0328379 0 0 0.0327829 0 0 0.0327829
1 10000 10000 10000 0 0 0.0329029 0 0 0.0329029 0 0 0.0328379 0 0 0.0328379 0 0 0.0327829 0 0 0.0327829
2 10000 10000 10000 -1.25401 0 0.0329029 -1.25401 0 0.0329029 0 0 0.0328379 0 0 0.0328379 0.952505 0 0.0327829 0.952505 0 0.0327829
2 10000 10000 10000 -1.25401 0 0.0329029 -1.25401 0 0.0329029 -0.1635 0 0.0508705 0.0825 0 0.0508705 0.952505 0 0.0327829 0.952505 0 0.0327829
1 10000 10000 10000 -1.25401 0 0.0329029 -1.25401 0 0.0329029 0.024 0 0.0341728 0.024 0 0.0341728 0.952505 0 0.0327829 0.952505 0 0.0327829
1 10000 10000 10000 0.027 0 0.03 0.027 0 0.03 0.024 0 0.0341728 0.024 0 0.0341728 0.0585 0 0.0327829 0.0585 0 0.0327829
2 10000 10000 10000 1.08751 0 0.03 1.08751 0 0.03 0.024 0 0.0341728 0.024 0 0.0341728 -0.797504 0 0.0327829 -0.797504 0 0.0327829
2 10000 10000 10000 1.08751 0 0.03 1.08751 0 0.03 0.024 0 0.0508705 -0.085 0 0.0508705 -0.797504 0 0.0327829 -0.797504 0 0.0327829
1 10000 10000 10000 1.08751 0 0.03 1.08751 0 0.03 0.024 0 0.0341728 0.024 0 0.0341728 -0.797504 0 0.0327829 -0.797504 0 0.0327829
1 10000 10000 10000 0.027 0 0.03 0.027 0 0.03 0.024 0 0.0341728 0.024 0 0.0341728 0.0585 0 0.0327829 0.0585 0 0.0327829
2 10000 10000 10000 -1.25401 0 0.0329029 -1.25401 0 0.0329029 0 0 0.0328379 0 0 0.0328379 0.952505 0 0.0327829 0.952505 0 0.0327829
2 10000 10000 10000 -1.25401 0 0.0329029 -1.25401 0 0.0329029 -0.1635 0 0.0508705 0.0825 0 0.0508705 0.952505 0 0.0327829 0.952505 0 0.0327829
1 10000 10000 10000 -1.25401 0 0.0329029 -1.25401 0 0.0329029 0.024 0 0.0341728 0.024 0 0.0341728 0.952505 0 0.0327829 0.952505 0 0.0327829
1 10000 10000 10000 0.027 0 0.03 0.027 0 0.03 0.024 0 0.0341728 0.024 0 0.0341728 0.0585 0 0.0327829 0.0585 0 0.0327829
2 10000 10000 10000 1.08751 0 0.03 1.08751 0 0.03 0.024 0 0.0341728 0.024 0 0.0341728 -0.797504 0 0.0327829 -0.797504 0 0.0327829
2 10000 10000 10000 1.08751 0 0.03 1.08751 0 0.03 0.024 0 0.0508705 -0.085 0 0.0508705 -0.797504 0 0.0327829 -0.797504 0 0.0327829
1 10000 10000 10000 1.08751 0 0.03 1.08751 0 0.03 0.024 0 0.0341728 0.024 0 0.0341728 -0.797504 0 0.0327829 -0.797504 0 0.0327829
1 10000 10000 10000 0 0 0.0329029 0 0 0.0329029 0 0 0.0328379 0 0 0.0328379 0 0 0.0327829 0 0 0.0327829