0.000000 0.000000 0.090000 0.000000 0.000000 0.090000 0.0000 0.0000 0.1800 0.000000 0.000000 0.000000 1.000000
0.000000 0.000000 0.090000 0.000000 0.000000 0.170000 0.0000 0.0000 0.2600 0.000000 0.000000 0.000000 1.000000
0.000000 0.000000 0.090000 0.000000 1.000000 0.090000 0.0000 0.0000 0.1800 0.000000 0.000000 0.000000 1.000000
0.000000 0.000000 0.090000 0.000000 1.000000 0.170000 0.0000 0.0000 0.2600 0.000000 0.000000 0.000000 1.000000
0.000000 0.000000 0.090000 0.400000 0.000000 0.090000 0.0178 0.0000 0.1776 0.000000 0.198669 0.000000 0.980067
0.000000 0.000000 0.090000 0.400000 0.000000 0.170000 0.0335 0.0000 0.2555 0.000000 0.198669 0.000000 0.980067
0.000000 0.000000 0.090000 0.400000 1.000000 0.090000 0.0096 0.0149 0.1776 -0.167174 0.107341 0.000000 0.980067
0.000000 0.000000 0.090000 0.400000 1.000000 0.170000 0.0181 0.0282 0.2555 -0.167174 0.107341 0.000000 0.980067
0.000000 0.000000 0.090000 0.800000 0.000000 0.090000 0.0341 0.0000 0.1707 0.000000 0.389418 0.000000 0.921061
0.000000 0.000000 0.090000 0.800000 0.000000 0.170000 0.0644 0.0000 0.2424 0.000000 0.389418 0.000000 0.921061
0.000000 0.000000 0.090000 0.800000 1.000000 0.090000 0.0184 0.0287 0.1707 -0.327684 0.210404 0.000000 0.921061
0.000000 0.000000 0.090000 0.800000 1.000000 0.170000 0.0348 0.0542 0.2424 -0.327684 0.210404 0.000000 0.921061
0.000000 0.000000 0.170000 0.000000 0.000000 0.090000 0.0000 0.0000 0.2600 0.000000 0.000000 0.000000 1.000000
0.000000 0.000000 0.170000 0.000000 0.000000 0.170000 0.0000 0.0000 0.3400 0.000000 0.000000 0.000000 1.000000
0.000000 0.000000 0.170000 0.000000 1.000000 0.090000 0.0000 0.0000 0.2600 0.000000 0.000000 0.000000 1.000000
0.000000 0.000000 0.170000 0.000000 1.000000 0.170000 0.0000 0.0000 0.3400 0.000000 0.000000 0.000000 1.000000
0.000000 0.000000 0.170000 0.400000 0.000000 0.090000 0.0178 0.0000 0.2576 0.000000 0.198669 0.000000 0.980067
0.000000 0.000000 0.170000 0.400000 0.000000 0.170000 0.0335 0.0000 0.3355 0.000000 0.198669 0.000000 0.980067
0.000000 0.000000 0.170000 0.400000 1.000000 0.090000 0.0096 0.0149 0.2576 -0.167174 0.107341 0.000000 0.980067
0.000000 0.000000 0.170000 0.400000 1.000000 0.170000 0.0181 0.0282 0.3355 -0.167174 0.107341 0.000000 0.980067
0.000000 0.000000 0.170000 0.800000 0.000000 0.090000 0.0341 0.0000 0.2507 0.000000 0.389418 0.000000 0.921061
0.000000 0.000000 0.170000 0.800000 0.000000 0.170000 0.0644 0.0000 0.3224 0.000000 0.389418 0.000000 0.921061
0.000000 0.000000 0.170000 0.800000 1.000000 0.090000 0.0184 0.0287 0.2507 -0.327684 0.210404 0.000000 0.921061
0.000000 0.000000 0.170000 0.800000 1.000000 0.170000 0.0348 0.0542 0.3224 -0.327684 0.210404 0.000000 0.921061
0.000000 1.000000 0.090000 0.000000 0.000000 0.090000 0.0000 0.0000 0.1800 0.000000 0.000000 0.000000 1.000000
0.000000 1.000000 0.090000 0.000000 0.000000 0.170000 0.0000 0.0000 0.2600 0.000000 0.000000 0.000000 1.000000
0.000000 1.000000 0.090000 0.000000 1.000000 0.090000 0.0000 0.0000 0.1800 0.000000 0.000000 0.000000 1.000000
0.000000 1.000000 0.090000 0.000000 1.000000 0.170000 0.0000 0.0000 0.2600 0.000000 0.000000 0.000000 1.000000
0.000000 1.000000 0.090000 0.400000 0.000000 0.090000 0.0178 0.0000 0.1776 0.000000 0.198669 0.000000 0.980067
0.000000 1.000000 0.090000 0.400000 0.000000 0.170000 0.0335 0.0000 0.2555 0.000000 0.198669 0.000000 0.980067
0.000000 1.000000 0.090000 0.400000 1.000000 0.090000 0.0096 0.0149 0.1776 -0.167174 0.107341 0.000000 0.980067
0.000000 1.000000 0.090000 0.400000 1.000000 0.170000 0.0181 0.0282 0.2555 -0.167174 0.107341 0.000000 0.980067
0.000000 1.000000 0.090000 0.800000 0.000000 0.090000 0.0341 0.0000 0.1707 0.000000 0.389418 0.000000 0.921061
0.000000 1.000000 0.090000 0.800000 0.000000 0.170000 0.0644 0.0000 0.2424 0.000000 0.389418 0.000000 0.921061
0.000000 1.000000 0.090000 0.800000 1.000000 0.090000 0.0184 0.0287 0.1707 -0.327684 0.210404 0.000000 0.921061
0.000000 1.000000 0.090000 0.800000 1.000000 0.170000 0.0348 0.0542 0.2424 -0.327684 0.210404 0.000000 0.921061
0.000000 1.000000 0.170000 0.000000 0.000000 0.090000 0.0000 0.0000 0.2600 0.000000 0.000000 0.000000 1.000000
0.000000 1.000000 0.170000 0.000000 0.000000 0.170000 0.0000 0.0000 0.3400 0.000000 0.000000 0.000000 1.000000
0.000000 1.000000 0.170000 0.000000 1.000000 0.090000 0.0000 0.0000 0.2600 0.000000 0.000000 0.000000 1.000000
0.000000 1.000000 0.170000 0.000000 1.000000 0.170000 0.0000 0.0000 0.3400 0.000000 0.000000 0.000000 1.000000
0.000000 1.000000 0.170000 0.400000 0.000000 0.090000 0.0178 0.0000 0.2576 0.000000 0.198669 0.000000 0.980067
0.000000 1.000000 0.170000 0.400000 0.000000 0.170000 0.0335 0.0000 0.3355 0.000000 0.198669 0.000000 0.980067
0.000000 1.000000 0.170000 0.400000 1.000000 0.090000 0.0096 0.0149 0.2576 -0.167174 0.107341 0.000000 0.980067
0.000000 1.000000 0.170000 0.400000 1.000000 0.170000 0.0181 0.0282 0.3355 -0.167174 0.107341 0.000000 0.980067
0.000000 1.000000 0.170000 0.800000 0.000000 0.090000 0.0341 0.0000 0.2507 0.000000 0.389418 0.000000 0.921061
0.000000 1.000000 0.170000 0.800000 0.000000 0.170000 0.0644 0.0000 0.3224 0.000000 0.389418 0.000000 0.921061
0.000000 1.000000 0.170000 0.800000 1.000000 0.090000 0.0184 0.0287 0.2507 -0.327684 0.210404 0.000000 0.921061
0.000000 1.000000 0.170000 0.800000 1.000000 0.170000 0.0348 0.0542 0.3224 -0.327684 0.210404 0.000000 0.921061
0.400000 0.000000 0.090000 0.000000 0.000000 0.090000 0.0528 0.0000 0.1705 0.000000 0.198669 0.000000 0.980067
0.400000 0.000000 0.090000 0.000000 0.000000 0.170000 0.0840 0.0000 0.2442 0.000000 0.198669 0.000000 0.980067
0.400000 0.000000 0.090000 0.000000 1.000000 0.090000 0.0528 0.0000 0.1705 0.000000 0.198669 0.000000 0.980067
0.400000 0.000000 0.090000 0.000000 1.000000 0.170000 0.0840 0.0000 0.2442 0.000000 0.198669 0.000000 0.980067
0.400000 0.000000 0.090000 0.400000 0.000000 0.090000 0.0682 0.0000 0.1614 0.000000 0.389418 0.000000 0.921061
0.400000 0.000000 0.090000 0.400000 0.000000 0.170000 0.1131 0.0000 0.2270 0.000000 0.389418 0.000000 0.921061
0.400000 0.000000 0.090000 0.400000 1.000000 0.090000 0.0607 0.0149 0.1646 -0.163842 0.299911 0.033212 0.939205
0.400000 0.000000 0.090000 0.400000 1.000000 0.170000 0.0989 0.0282 0.2330 -0.163842 0.299911 0.033212 0.939205
0.400000 0.000000 0.090000 0.800000 0.000000 0.090000 0.0806 0.0000 0.1487 0.000000 0.564642 0.000000 0.825336
0.400000 0.000000 0.090000 0.800000 0.000000 0.170000 0.1365 0.0000 0.2029 0.000000 0.564642 0.000000 0.825336
0.400000 0.000000 0.090000 0.800000 1.000000 0.090000 0.0662 0.0287 0.1548 -0.321152 0.389196 0.065101 0.860900
0.400000 0.000000 0.090000 0.800000 1.000000 0.170000 0.1092 0.0542 0.2145 -0.321152 0.389196 0.065101 0.860900
0.400000 0.000000 0.170000 0.000000 0.000000 0.090000 0.0686 0.0000 0.2484 0.000000 0.198669 0.000000 0.980067
0.400000 0.000000 0.170000 0.000000 0.000000 0.170000 0.0998 0.0000 0.3221 0.000000 0.198669 0.000000 0.980067
0.400000 0.000000 0.170000 0.000000 1.000000 0.090000 0.0686 0.0000 0.2484 0.000000 0.198669 0.000000 0.980067
0.400000 0.000000 0.170000 0.000000 1.000000 0.170000 0.0998 0.0000 0.3221 0.000000 0.198669 0.000000 0.980067
0.400000 0.000000 0.170000 0.400000 0.000000 0.090000 0.0840 0.0000 0.2393 0.000000 0.389418 0.000000 0.921061
0.400000 0.000000 0.170000 0.400000 0.000000 0.170000 0.1289 0.0000 0.3049 0.000000 0.389418 0.000000 0.921061
0.400000 0.000000 0.170000 0.400000 1.000000 0.090000 0.0765 0.0149 0.2425 -0.163842 0.299911 0.033212 0.939205
0.400000 0.000000 0.170000 0.400000 1.000000 0.170000 0.1147 0.0282 0.3109 -0.163842 0.299911 0.033212 0.939205
0.400000 0.000000 0.170000 0.800000 0.000000 0.090000 0.0964 0.0000 0.2265 0.000000 0.564642 0.000000 0.825336
0.400000 0.000000 0.170000 0.800000 0.000000 0.170000 0.1523 0.0000 0.2808 0.000000 0.564642 0.000000 0.825336
0.400000 0.000000 0.170000 0.800000 1.000000 0.090000 0.0820 0.0287 0.2327 -0.321152 0.389196 0.065101 0.860900
0.400000 0.000000 0.170000 0.800000 1.000000 0.170000 0.1250 0.0542 0.2923 -0.321152 0.389196 0.065101 0.860900
0.400000 1.000000 0.090000 0.000000 0.000000 0.090000 0.0285 0.0444 0.1705 -0.167174 0.107341 0.000000 0.980067
0.400000 1.000000 0.090000 0.000000 0.000000 0.170000 0.0454 0.0707 0.2442 -0.167174 0.107341 0.000000 0.980067
0.400000 1.000000 0.090000 0.000000 1.000000 0.090000 0.0285 0.0444 0.1705 -0.167174 0.107341 0.000000 0.980067
0.400000 1.000000 0.090000 0.000000 1.000000 0.170000 0.0454 0.0707 0.2442 -0.167174 0.107341 0.000000 0.980067
0.400000 1.000000 0.090000 0.400000 0.000000 0.090000 0.0454 0.0430 0.1646 -0.163842 0.299911 -0.033212 0.939205
0.400000 1.000000 0.090000 0.400000 0.000000 0.170000 0.0772 0.0680 0.2330 -0.163842 0.299911 -0.033212 0.939205
0.400000 1.000000 0.090000 0.400000 1.000000 0.090000 0.0369 0.0574 0.1614 -0.327684 0.210404 0.000000 0.921061
0.400000 1.000000 0.090000 0.400000 1.000000 0.170000 0.0611 0.0952 0.2270 -0.327684 0.210404 0.000000 0.921061
0.400000 1.000000 0.090000 0.800000 0.000000 0.090000 0.0599 0.0402 0.1548 -0.153978 0.480524 -0.065101 0.860900
0.400000 1.000000 0.090000 0.800000 0.000000 0.170000 0.1046 0.0626 0.2145 -0.153978 0.480524 -0.065101 0.860900
0.400000 1.000000 0.090000 0.800000 1.000000 0.090000 0.0436 0.0678 0.1487 -0.475130 0.305078 0.000000 0.825336
0.400000 1.000000 0.090000 0.800000 1.000000 0.170000 0.0737 0.1148 0.2029 -0.475130 0.305078 0.000000 0.825336
0.400000 1.000000 0.170000 0.000000 0.000000 0.090000 0.0371 0.0577 0.2484 -0.167174 0.107341 0.000000 0.980067
0.400000 1.000000 0.170000 0.000000 0.000000 0.170000 0.0539 0.0839 0.3221 -0.167174 0.107341 0.000000 0.980067
0.400000 1.000000 0.170000 0.000000 1.000000 0.090000 0.0371 0.0577 0.2484 -0.167174 0.107341 0.000000 0.980067
0.400000 1.000000 0.170000 0.000000 1.000000 0.170000 0.0539 0.0839 0.3221 -0.167174 0.107341 0.000000 0.980067
0.400000 1.000000 0.170000 0.400000 0.000000 0.090000 0.0539 0.0563 0.2425 -0.163842 0.299911 -0.033212 0.939205
0.400000 1.000000 0.170000 0.400000 0.000000 0.170000 0.0857 0.0813 0.3109 -0.163842 0.299911 -0.033212 0.939205
0.400000 1.000000 0.170000 0.400000 1.000000 0.090000 0.0454 0.0707 0.2393 -0.327684 0.210404 0.000000 0.921061
0.400000 1.000000 0.170000 0.400000 1.000000 0.170000 0.0696 0.1085 0.3049 -0.327684 0.210404 0.000000 0.921061
0.400000 1.000000 0.170000 0.800000 0.000000 0.090000 0.0684 0.0535 0.2327 -0.153978 0.480524 -0.065101 0.860900
0.400000 1.000000 0.170000 0.800000 0.000000 0.170000 0.1132 0.0759 0.2923 -0.153978 0.480524 -0.065101 0.860900
0.400000 1.000000 0.170000 0.800000 1.000000 0.090000 0.0521 0.0811 0.2265 -0.475130 0.305078 0.000000 0.825336
0.400000 1.000000 0.170000 0.800000 1.000000 0.170000 0.0823 0.1281 0.2808 -0.475130 0.305078 0.000000 0.825336
0.800000 0.000000 0.090000 0.000000 0.000000 0.090000 0.0987 0.0000 0.1434 0.000000 0.389418 0.000000 0.921061
0.800000 0.000000 0.090000 0.000000 0.000000 0.170000 0.1561 0.0000 0.1991 0.000000 0.389418 0.000000 0.921061
0.800000 0.000000 0.090000 0.000000 1.000000 0.090000 0.0987 0.0000 0.1434 0.000000 0.389418 0.000000 0.921061
0.800000 0.000000 0.090000 0.000000 1.000000 0.170000 0.1561 0.0000 0.1991 0.000000 0.389418 0.000000 0.921061
0.800000 0.000000 0.090000 0.400000 0.000000 0.090000 0.1093 0.0000 0.1290 0.000000 0.564642 0.000000 0.825336
0.800000 0.000000 0.090000 0.400000 0.000000 0.170000 0.1762 0.0000 0.1719 0.000000 0.564642 0.000000 0.825336
0.800000 0.000000 0.090000 0.400000 1.000000 0.090000 0.1037 0.0149 0.1349 -0.153978 0.480524 0.065101 0.860900
0.800000 0.000000 0.090000 0.400000 1.000000 0.170000 0.1655 0.0282 0.1830 -0.153978 0.480524 0.065101 0.860900
0.800000 0.000000 0.090000 0.800000 0.000000 0.090000 0.1158 0.0000 0.1125 0.000000 0.717356 0.000000 0.696707
0.800000 0.000000 0.090000 0.800000 0.000000 0.170000 0.1884 0.0000 0.1407 0.000000 0.717356 0.000000 0.696707
0.800000 0.000000 0.090000 0.800000 1.000000 0.090000 0.1049 0.0287 0.1237 -0.301817 0.552473 0.127606 0.766418
0.800000 0.000000 0.090000 0.800000 1.000000 0.170000 0.1677 0.0542 0.1619 -0.301817 0.552473 0.127606 0.766418
0.800000 0.000000 0.170000 0.000000 0.000000 0.090000 0.1290 0.0000 0.2151 0.000000 0.389418 0.000000 0.921061
0.800000 0.000000 0.170000 0.000000 0.000000 0.170000 0.1864 0.0000 0.2709 0.000000 0.389418 0.000000 0.921061
0.800000 0.000000 0.170000 0.000000 1.000000 0.090000 0.1290 0.0000 0.2151 0.000000 0.389418 0.000000 0.921061
0.800000 0.000000 0.170000 0.000000 1.000000 0.170000 0.1864 0.0000 0.2709 0.000000 0.389418 0.000000 0.921061
0.800000 0.000000 0.170000 0.400000 0.000000 0.090000 0.1397 0.0000 0.2007 0.000000 0.564642 0.000000 0.825336
0.800000 0.000000 0.170000 0.400000 0.000000 0.170000 0.2065 0.0000 0.2437 0.000000 0.564642 0.000000 0.825336
0.800000 0.000000 0.170000 0.400000 1.000000 0.090000 0.1340 0.0149 0.2066 -0.153978 0.480524 0.065101 0.860900
0.800000 0.000000 0.170000 0.400000 1.000000 0.170000 0.1958 0.0282 0.2547 -0.153978 0.480524 0.065101 0.860900
0.800000 0.000000 0.170000 0.800000 0.000000 0.090000 0.1461 0.0000 0.1842 0.000000 0.717356 0.000000 0.696707
0.800000 0.000000 0.170000 0.800000 0.000000 0.170000 0.2187 0.0000 0.2124 0.000000 0.717356 0.000000 0.696707
0.800000 0.000000 0.170000 0.800000 1.000000 0.090000 0.1352 0.0287 0.1954 -0.301817 0.552473 0.127606 0.766418
0.800000 0.000000 0.170000 0.800000 1.000000 0.170000 0.1981 0.0542 0.2337 -0.301817 0.552473 0.127606 0.766418
0.800000 1.000000 0.090000 0.000000 0.000000 0.090000 0.0533 0.0830 0.1434 -0.327684 0.210404 0.000000 0.921061
0.800000 1.000000 0.090000 0.000000 0.000000 0.170000 0.0843 0.1313 0.1991 -0.327684 0.210404 0.000000 0.921061
0.800000 1.000000 0.090000 0.000000 1.000000 0.090000 0.0533 0.0830 0.1434 -0.327684 0.210404 0.000000 0.921061
0.800000 1.000000 0.090000 0.000000 1.000000 0.170000 0.0843 0.1313 0.1991 -0.327684 0.210404 0.000000 0.921061
0.800000 1.000000 0.090000 0.400000 0.000000 0.090000 0.0686 0.0792 0.1349 -0.321152 0.389196 -0.065101 0.860900
0.800000 1.000000 0.090000 0.400000 0.000000 0.170000 0.1132 0.1240 0.1830 -0.321152 0.389196 -0.065101 0.860900
0.800000 1.000000 0.090000 0.400000 1.000000 0.090000 0.0591 0.0920 0.1290 -0.475130 0.305078 0.000000 0.825336
0.800000 1.000000 0.090000 0.400000 1.000000 0.170000 0.0952 0.1483 0.1719 -0.475130 0.305078 0.000000 0.825336
0.800000 1.000000 0.090000 0.800000 0.000000 0.090000 0.0808 0.0727 0.1237 -0.301817 0.552473 -0.127606 0.766418
0.800000 1.000000 0.090000 0.800000 0.000000 0.170000 0.1363 0.1118 0.1619 -0.301817 0.552473 -0.127606 0.766418
0.800000 1.000000 0.090000 0.800000 1.000000 0.090000 0.0626 0.0974 0.1125 -0.603634 0.387589 -0.000000 0.696707
0.800000 1.000000 0.090000 0.800000 1.000000 0.170000 0.1018 0.1585 0.1407 -0.603634 0.387589 -0.000000 0.696707
0.800000 1.000000 0.170000 0.000000 0.000000 0.090000 0.0697 0.1086 0.2151 -0.327684 0.210404 0.000000 0.921061
0.800000 1.000000 0.170000 0.000000 0.000000 0.170000 0.1007 0.1569 0.2709 -0.327684 0.210404 0.000000 0.921061
0.800000 1.000000 0.170000 0.000000 1.000000 0.090000 0.0697 0.1086 0.2151 -0.327684 0.210404 0.000000 0.921061
0.800000 1.000000 0.170000 0.000000 1.000000 0.170000 0.1007 0.1569 0.2709 -0.327684 0.210404 0.000000 0.921061
0.800000 1.000000 0.170000 0.400000 0.000000 0.090000 0.0850 0.1047 0.2066 -0.321152 0.389196 -0.065101 0.860900
0.800000 1.000000 0.170000 0.400000 0.000000 0.170000 0.1295 0.1495 0.2547 -0.321152 0.389196 -0.065101 0.860900
0.800000 1.000000 0.170000 0.400000 1.000000 0.090000 0.0755 0.1175 0.2007 -0.475130 0.305078 0.000000 0.825336
0.800000 1.000000 0.170000 0.400000 1.000000 0.170000 0.1116 0.1738 0.2437 -0.475130 0.305078 0.000000 0.825336
0.800000 1.000000 0.170000 0.800000 0.000000 0.090000 0.0972 0.0982 0.1954 -0.301817 0.552473 -0.127606 0.766418
0.800000 1.000000 0.170000 0.800000 0.000000 0.170000 0.1526 0.1374 0.2337 -0.301817 0.552473 -0.127606 0.766418
0.800000 1.000000 0.170000 0.800000 1.000000 0.090000 0.0789 0.1230 0.1842 -0.603634 0.387589 -0.000000 0.696707
0.800000 1.000000 0.170000 0.800000 1.000000 0.170000 0.1182 0.1840 0.2124 -0.603634 0.387589 -0.000000 0.696707
